456
554
188
901
798
485
181
900
167
333
322
498
529
731
899
4
386
108
548
773
320
797
793
981
446
17
657
532
465
875
255
617
553
845
496
918
669
624
747
502
821
863
576
864
312
494
113
866
620
994
331
154
376
96
378
573
965
373
821
992
827
643
176
112
566
973
519
79
444
906
902
352
812
316
237
419
441
286
972
834
957
787
299
395
858
928
825
812
285
379
783
289
768
291
624
209
823
445
987
841
476
212
828
545
835
774
889
330
451
264
250
250
722
728
984
63
946
999
407
655
956
175
861
776
122
989
598
651
965
560
746
491
600
796
693
805
415
197
138
564
792
394
883
360
993
635
671
773
563
261
756
594
524
619
385
724
192
844
106
608
664
518
473
498
220
845
731
500
945
98
445
65
220
928
62
595
347
87
644
313
883
593
442
556
489
868
425
50
822
77
959
315
495
460
224
820
976
276
336
279
324
566
184
722
881
670
148
998
254
939
993
581
948
740
942
80
349
341
668
195
913
718
288
234
271
570
925
304
840
498
919
99
473
165
14
234
219
393
573
958
81
428
985
177
165
828
754
918
311
31
405
844
493
377
2
770
689
518
712
478
735
378
323
525
492
875
347
225
36
720
125
726
373
643
368
241
174
754
333
276
601
162
752
694
423
389
131
386
385
635
631
400
433
415
663
669
567
206
220
752