0
2
4
20
23
49
54
80
86
98
99
101
119
121
128
129
135
150
152
153
262
264
274
275
290
293
305
312
328
340
354
357
357
359
372
373
374
375
385
388
392
402
405
407
518
521
530
537
544
544
544
548
549
564
564
567
577
592
592
596
597
609
612
625
630
630
633
645
646
648
649
657
665
772
785
786
787
789
790
800
802
803
804
816
817
819
819
822
833
839
839
841
850
864
872
883
883
886
887
888
888
889
901
901
902
902
905
915
916
917
1024
1029
1031
1045
1045
1049
1059
1061
1064
1075
1089
1090
1092
1093
1093
1094
1105
1110
1120
1125
1139
1139
1142
1144
1157
1161
1169
1170
1171
1172
1173
1174
1176
1176
1176
1280
1282
1304
1304
1305
1316
1317
1321
1330
1349
1352
1363
1364
1366
1379
1380
1382
1382
1383
1392
1395
1395
1398
1409
1427
1428
1429
1432
1536
1537
1544
1559
1561
1568
1572
1572
1585
1589
1589
1603
1603
1604
1617
1621
1623
1635
1636
1640
1641
1641
1648
1649
1673
1683
1684
1810
1816
1824
1826
1826
1828
1830
1832
1841
1841
1845
1856
1862
1863
1874
1874
1876
1876
1878
1896
1904
1907
1907
1908
1910
1923
1927
1938
1939
1942
1943
1944
2053
2066
2066
2080
2081
2081
2082
2083
2085
2087
2088
2088
2100
2101
2112
2113
2116
2116
2117
2117
2136
2145
2147
2148
2150
2152
2165
2165
2177
2179
2179
2185
2201
2304
2305
2306
2310
2323
2328
2328
2329
2341
2344
2344
2361
2370
2373
2374
2376
2390
2391
2392
2393
2405
2405
2418
2419
2422
2433
2436
2437
2439
2441
2450
2451
2451
2452
2456
2457
