0
2
4
14
17
31
36
50
56
62
63
65
77
79
80
81
87
96
98
99
106
108
112
113
122
125
131
138
148
154
162
165
165
167
174
175
176
177
181
184
188
192
195
197
206
209
212
219
220
220
220
224
225
234
234
237
241
250
250
254
255
261
264
271
276
276
279
285
286
288
289
291
299
304
311
312
313
315
316
320
322
323
324
330
331
333
333
336
341
347
347
349
352
360
368
373
373
376
377
378
378
379
385
385
386
386
389
393
394
395
400
405
407
415
415
419
423
425
428
433
441
442
444
445
445
446
451
456
460
465
473
473
476
478
485
489
491
492
493
494
495
496
498
498
498
500
502
518
518
519
524
525
529
532
545
548
553
554
556
563
564
566
566
567
570
573
573
576
581
593
594
595
598
600
601
608
617
619
620
624
624
631
635
635
643
643
644
651
655
657
663
664
668
669
669
670
671
689
693
694
712
718
720
722
722
724
726
728
731
731
735
740
746
747
752
752
754
754
756
768
770
773
773
774
776
783
787
792
793
796
797
798
805
812
812
820
821
821
822
823
825
827
828
828
834
835
840
841
844
844
845
845
858
861
863
864
866
868
875
875
881
883
883
889
899
900
901
902
906
913
918
918
919
925
928
928
939
942
945
946
948
956
957
958
959
965
965
972
973
976
981
984
985
987
989
992
993
993
994
998
999
